43544360
45333977
61626910
67213834
74101984
122974362
123469830
125209877
128468495
138169394
148388777
149691458
149821543
184144087
193053133
204789693
213780369
214310736
217784606
227576722
238294049
239491851
242364330
257414770
274058726
285151723
293941168
293948229
332275811
341116535
350140620
355519724
371336520
378078054
378569270
381893714
383233247
388706058
393674130
395265881
398302950
400112633
413871525
428405316
429731019
434071340
440582242
442341618
442542599
454428994
454971303
469286442
470292313
477505404
495432944
500395578
503718923
505849132
508359004
510039204
511483403
513604230
514064369
520799287
523178386
523291468
525604069
527109692
543471187
548762268
566244149
575377331
583926043
584690072
586011154
586401294
591250245
595805545
598715134
600626904
604714039
610037299
622590155
625923617
625998740
630235607
638539291
640160047
640425269
644742307
651639730
653332139
654612392
655829085
655991793
660086073
660100854
660425999
666953630
667167821
672038491
673917223
674395860
686411954
688150152
689196265
692845398
692895007
694929660
698054998
700740903
701618754
703154676
709944778
714547525
715297053
718532195
720443124
720600796
721614605
740368615
740951131
741369901
746051448
748788617
752546642
752849213
756639030
766317997
769069887
771500132
772690212
782182404
785550601
801668422
803081953
803163342
806879735
817740773
817855040
820058755
821258622
826878330
827215255
832494158
837448561
837503841
839064992
840628324
842047382
845638890
848185586
848418238
848849953
849310305
851229751
857727523
859464363
860908199
861704322
867191096
873731396
874613601
875587704
881094875
882829670
883170659
889990769
891094987
891118348
899358311
900592608
905434920
906437849
907858898
908237133
913045266
916732078
924685253
926147010
927266710
929201754
931771196
933735103
935453338
935567645
935795577
938400896
939391568
940294142
941480527
950740768
952552129
953671935
954466900
959443949
961624783
962558699
964164302
964518463
967538025
967645108
969221656
985947130
988653823
994390502
995584110
1003938674
1005359062
1005640385
1012475920
1015274650
1020437308
1021295657
1021582566
1028184451
1037594578
1037797756
1040145377
1043134586
1045789783
1047194012
1054929393
1056262092
1057622438
1057918947
1058557002
1061025152
1063824711
1069071998
1069642247
1074795652
1078096157
1079726922
1080891190
1094454744
1101419801
1102889261
1110328463
1114935944
1118173431
1121246069
1123393073
1126767479
1139436121
1146006872
1149602866
1152976696
1153723673
1159880339
1162952067
1164617432
1165712331
1167137346
1167962001
1172951937
1178756899
1185583466
1195009256
1211869387
1219147569
1220913472
1222731466
1224785635
1229622782
1238844694
1239732274
1241568791
1241602771
1245653297
1250173419
1251693376
1253800801
1254676497
1255906480
1257846302
1259845393
1261889753
1264897907
1267870689
1270540398
1270753513
1270810329
1272407841
1272589878
1274114063
1283044307
1289422861
1290244826
1293241546
1293401520
1298449989
1300231777
1321900215
1321940776
1322368965
1324298035
1330994963
1331386191
1337520545
1344991529
1345662807
1350214130
1362787081
1365817909
1372615248
1372670327
1374152019
1389684751
1390392649
1390960610
1396236887
1398712515
1403102024
1419222945
1421270270
1430055941
1432150932
1435473812
1442876687
1446224883
1452584277
1452879940
1453111616
1453417159
1459259424
1460443886
1465474439
1466724501
1466939355
1467846959
1477526074
1479817235
1484069236
1486699689
1487586394
1488301637
1490603153
1495294285
1502654009
1504933188
1517687114
1527706007
1531166119
1531190137
1531421057
1535815443
1536581899
1544654707
1547021669
1557387698
1563050357
1569903378
1569957779
1572472184
1575939854
1582990518
1591124395
1591310635
1597754121
1605391133
1608051805
1610118898
1611795894
1617842600
1639017854
1639750741
1643688689
1648755644
1649629716
1653201987
1664937709
1666257217
1669346359
1672039210
1677313402
1677680854
1683210829
1708349254
1708844589
1709260476
1713171116
1713548495
1717803058
1718186126
1721044217
1723614906
1730519234
1731003768
1748895954
1753012878
1763228347
1767432724
1775835103
1776741811
1782956652
1783020332
1789888379
1793764757
1798948453
1808570990
1826583832
1830297605
1830848333
1834797470
1835736220
1836230324
1843792133
1849225497
1857220725
1861611570
1892384804
1897194038